16899
17085
17305
17734
20924
24320
25627
26496
27197
27711
28105
28250
30383
31432
31438
31433
31549
31824
33606
34107
34116
34574
34643
34990
35031
35058
35179
35868
36803
37161
38247
39010
39209
39218
39610
40351
41109
41175
41268
41944
41961
42647
43511
43829
44004
44083
44102
44778
45255
45546
45616
45615
45826
45983
46074
46489
47186
48211
48249
48238
49340
50288
50863
50991
50993
51052
51270
53370
53499
53907
54396
54410
54428
54484
54795
55944
56619
56758
58097
64628
65728
66329
66374
66796
53267
67487
67711
68399
68673
69093
69769
70302
70520
70810
71002
73330
73972
74223
74429
74967
75064
75575
75615
75607
75661
75992
76560
77577
79207
80100
80453
80818
81712
82776
82991
83259
84294
84557
87876
88211
88274
88798
88814
89092
89278
90064
90351
90586
90767
90789
92242
92965
92973
93185
93250
93324
93616
93641
93822
94328
94381
94393
94533
94740
94935
95021
95067
95143
95214
95322
95524
95541
95953
96351
97034
97184
97445
97656
97865
98132
98177
98181
98262
98517
98560
99745
100400
100527
100617
